{"date":"18/03/2026","departure":"2026-05-13T07:00:00+02:00","depot":{"id":"DEPOT","name":"DDI Mollet del Vall\u00e8s","address":"Carrer de Gaiet\u00e0 Vinzia 16, 08100 Mollet del Vall\u00e8s, Barcelona","lat":41.5388,"lon":2.2136},"client_ids":["9100708130","9100563722","9100682560","9100759982","9100764969","9100075764","9100070576","9100054838","9100655002","9100479427","9100340260","9100043317","9100736185","9100450636","9100577693","9100378362","9100530919","9100252094","9100056658","9100169481","9100502995","9100229412","9100151073","9100724298","9100764980","9100653427","9100042378","9100746500","9100646795","9100731896","9100529176","9100653307","9100627975","9100746984","9100184449","9100601682","9100760072","9100497770","9100055508","9100597250","9100410532","9100282679","9100058963","9100698675","9100691956","9100544203","9100650976","9100666589","9100738149","9100139584","9100755605","9100762486","9100042846","9100056034","9100542069","9100610435","9100056562","9100054649","9100521875","9100057531","9100119869","9100419900","9100043799","9100373641","9100473659","9100250629","9100517197","9100044157","9100694999","9100722376","9100466233","9100042685","9100355289","9100042261","9100703223","9100639954","9100296409","9100735547","9100471566","9100121555","9100522192","103154","9100055030","9100296646","9100761572","9100366733","9100728505","9100121589","9100736229","9100576264","9100366732","9100566100","9100633779","9100338332","9100055251","9100583212","9100154524","9100751056","9100653354","9100590492","9100057906","9100042964","9100129120","9100040748","9100658240","9100424065","9100631930","9100536121","9100054856","9100617124","9100411688","9100758280","9100473327","9100369663","9100737231","9100054744","9100041103","9100197987","9100737400","9100665155","9100043540","9100126369","9100054600","9100159298","9100454403","9100556449","9100158492","9100661113","9100652762","9100239655","9100055035","9100743172","9100125812","9100378510","9100723081","9100621389","9100410610","9100660484","9100044391","9100678719","9100485303","9100044419","9100055101","9100494258","9100044043","9100054707","9100630014","9100723531","9100688668","9100733355","9100059399","9100059171","9100529300","9100486027","9100055265","9100591222","9100742484","9100503205","9100215822","9100158872","9100055497","9100513843","9100734979","9100607321","9100087371","9100659648","9100382635","9100701166","9100044326","9100559291","9100493210"],"n_points":172,"fuel_l_per_100km":10.0,"time_matrix":[[0.0,92.2,428.2,6527.8,5331.0,32.2,118.6,1167.4,76.3,63.8,5310.4,931.5,1077.4,8139.0,621.5,3669.5,6016.5,71.4,5818.9,4012.6,4266.5,1098.4,295.6,948.6,439.3,1162.1,99.0,415.9,4479.0,9.3,70.0,1131.5,109.6,4534.2,101.0,4.8,431.7,4491.1,1159.0,15.5,4098.1,1181.3,485.3,3770.0,1175.0,5309.1,65.3,457.9,859.9,4478.2,1085.8,1098.3,897.9,588.5,100.2,6.7,91.8,4498.3,322.7,4519.5,5365.5,4465.1,4485.0,1080.5,1032.0,3525.1,6746.6,55.9,950.7,5860.1,5386.5,42.3,589.5,947.5,409.9,6583.9,5142.4,427.5,1168.2,4466.2,4232.3,66.6,187.9,121.1,3.2,933.3,74.1,485.7,96.9,8404.3,106.4,83.4,405.3,5841.1,66.2,92.2,104.2,470.8,4512.0,1561.8,4257.0,5847.9,925.0,432.5,1128.1,6136.0,307.5,106.4,5360.6,115.7,320.6,1164.2,1142.0,6738.6,6456.0,1095.7,69.5,972.1,4548.8,1814.6,112.2,457.9,5843.5,238.3,5302.6,4518.4,118.3,5303.5,296.4,6014.5,19.7,491.0,924.4,491.1,1505.9,3460.8,933.5,5822.5,30.3,1182.7,4496.0,5369.4,1030.0,68.3,4736.0,564.1,97.7,955.5,1155.4,116.9,1164.8,4505.1,5880.0,470.4,68.0,18.5,782.2,121.6,69.8,4516.0,5325.9,38.8,1281.3,104.7,124.9,870.4,991.3,464.6,93.0,1200.4,851.5,412.5],[92.2,0.0,478.5,6448.8,5258.2,61.3,26.9,1138.8,28.5,155.0,5237.7,913.2,1030.4,8065.9,529.3,3592.8,5942.3,99.4,5744.5,3944.7,4185.4,1071.5,316.0,927.0,488.6,1132.6,21.1,368.6,4404.7,99.0,43.1,1102.2,96.1,4459.5,10.4,92.5,483.0,4416.8,1128.9,100.1,4022.8,1151.7,527.9,3699.3,1258.4,5236.5,27.2,501.1,784.9,4404.0,1094.9,1070.6,881.5,538.9,26.2,85.5,94.9,4423.7,279.7,4445.1,5292.9,4390.4,4410.5,1051.0,1004.3,3449.0,6671.0,147.6,929.0,5785.2,5314.4,133.5,540.4,926.5,392.3,6505.5,5072.9,467.1,1138.6,4391.5,4151.4,106.0,192.9,31.6,94.6,914.6,96.6,512.4,96.8,8334.0,17.6,94.9,358.9,5766.9,158.4,1.0,93.6,519.4,4437.5,1499.5,4176.2,5773.1,907.6,481.2,1107.8,6063.0,329.5,17.6,5287.5,26.3,262.9,1134.7,1113.4,6662.8,6377.7,1068.7,161.5,949.1,4474.7,1751.4,21.3,501.1,5768.8,322.7,5230.0,4444.0,107.6,5230.9,258.0,5940.4,91.5,541.1,906.9,546.1,1469.8,3386.5,914.9,5747.5,107.0,1155.1,4421.7,5297.2,962.5,149.9,4664.0,513.8,8.7,934.7,1123.5,26.5,1136.1,4430.9,5804.5,511.2,25.8,75.0,724.2,31.1,85.7,4441.4,5253.0,111.9,1364.5,23.2,34.5,855.8,955.7,425.0,7.1,1170.2,833.6,496.4],[428.2,478.5,0.0,6521.0,5277.9,449.9,499.8,939.0,450.1,416.4,5256.3,679.5,946.3,8081.6,902.7,3654.9,5971.4,380.5,5775.9,3930.8,4287.2,867.4,198.2,708.6,12.4,938.0,497.7,451.0,4440.9,431.0,435.7,909.0,389.0,4498.8,488.4,432.3,6.7,4452.4,937.8,437.3,4069.9,956.6,70.9,3709.8,1237.0,5254.2,465.3,49.5,922.0,4439.6,720.3,871.4,641.4,559.2,501.9,431.7,384.5,4461.9,404.6,4482.3,5310.2,4429.8,4448.3,863.3,810.6,3507.4,6710.8,414.0,711.2,5821.4,5327.7,400.2,557.7,705.5,324.7,6572.3,5065.3,60.2,944.4,4431.2,4251.5,491.3,306.1,485.3,429.0,682.7,382.6,142.6,383.4,8325.1,478.4,383.6,443.0,5796.2,403.3,477.8,389.5,43.3,4475.5,1977.4,4275.6,5808.1,669.5,10.4,866.6,6081.0,186.0,478.4,5309.3,482.7,456.7,940.0,915.1,6704.2,6443.8,865.2,406.8,736.1,4509.0,2228.9,484.6,49.5,5803.0,266.5,5247.8,4481.1,379.3,5248.8,385.4,5968.8,446.8,62.9,669.8,71.8,1292.5,3429.1,682.3,5784.2,448.5,948.8,4456.9,5311.7,1022.7,449.9,4679.3,546.5,487.3,711.1,942.8,485.5,936.8,4465.6,5846.0,67.7,457.5,442.0,750.4,487.9,393.4,4479.7,5273.3,389.7,1339.5,501.3,508.5,609.3,811.5,439.4,473.3,976.8,607.6,253.0],[6527.8,6448.8,6521.0,0.0,1377.7,6504.6,6429.7,5666.5,6454.0,6588.6,1402.2,5904.0,5582.4,1806.4,5999.1,2866.3,772.4,6475.6,895.2,2707.7,2274.9,5728.3,6400.5,5868.3,6515.8,5661.8,6455.6,6146.1,2103.6,6536.8,6458.0,5683.9,6428.7,2042.2,6444.5,6530.5,6526.8,2093.4,5658.3,6540.9,2456.2,5647.3,6477.6,2855.0,7699.4,1408.5,6473.6,6480.7,5669.2,2105.8,6099.8,5720.3,5938.9,5989.3,6458.3,6522.2,6449.5,2079.9,6234.0,2061.7,1363.6,2109.3,2093.7,5716.4,5765.3,3013.6,493.2,6580.0,5865.7,825.2,1372.4,6557.1,5989.7,5872.9,6227.7,91.0,1710.5,6460.9,5656.2,2107.6,2306.6,6554.0,6404.0,6417.3,6530.9,5899.9,6470.5,6384.3,6444.6,2228.8,6431.4,6459.1,6157.0,895.0,6585.7,6448.3,6434.1,6513.9,2067.0,6363.6,2281.5,844.6,5915.6,6511.6,5771.0,824.7,6402.5,6431.4,1339.5,6422.5,6216.7,5660.3,5684.1,470.5,110.8,5729.5,6590.7,5841.7,2040.8,6355.4,6427.7,6480.7,854.2,6654.6,1413.8,2062.8,6424.6,1412.2,6263.0,780.7,6535.4,6526.0,5914.5,6559.3,5354.4,3095.0,5901.0,852.6,6551.8,5666.0,2089.8,1378.2,5517.1,6594.7,1930.4,6008.7,6448.0,5870.6,5644.2,6422.5,5667.7,2082.1,770.1,6466.4,6465.8,6515.9,5786.5,6418.1,6468.2,2062.3,1378.7,6520.9,7806.0,6450.8,6428.0,5968.9,5732.0,6123.2,6444.7,5629.1,5955.0,6756.5],[5331.0,5258.2,5277.9,1377.7,0.0,5310.6,5241.4,4388.1,5260.0,5389.2,24.5,4635.1,4331.7,2808.1,4848.3,1691.7,698.1,5273.5,510.6,1369.9,1317.1,4453.3,5174.5,4600.4,5271.6,4384.6,5267.3,4932.6,862.6,5340.2,5262.3,4408.7,5227.2,814.5,5255.0,5334.1,5283.3,849.8,4381.9,5345.0,1251.6,4368.9,5229.0,1568.1,6487.2,31.6,5281.5,5234.9,4473.3,862.5,4803.5,4446.1,4671.4,4768.4,5270.5,5325.9,5247.7,847.1,5023.7,824.7,43.0,881.8,859.5,4445.2,4495.9,1826.0,1445.9,5380.5,4597.7,568.8,88.4,5356.6,4768.4,4604.7,5001.0,1398.2,355.7,5218.5,4378.7,881.2,1332.2,5364.2,5191.9,5227.2,5334.2,4631.1,5268.7,5137.7,5242.7,3089.1,5240.6,5257.3,4943.6,525.7,5384.9,5257.5,5232.7,5266.5,833.5,5388.7,1310.2,551.9,4646.5,5268.1,4488.1,805.0,5175.1,5240.6,38.6,5232.1,5013.0,4383.0,4407.5,1442.1,1276.2,4454.7,5390.2,4573.1,791.3,5423.5,5237.6,5234.9,544.5,5434.6,36.2,825.7,5221.8,34.6,5052.5,694.6,5340.7,5276.6,4645.6,5309.9,4060.6,1874.2,4632.0,535.2,5357.0,4385.4,844.3,67.8,4303.5,5399.1,598.9,4789.6,5258.3,4601.5,4369.9,5232.5,4389.5,834.8,612.5,5219.5,5272.8,5320.9,4565.2,5228.3,5267.6,830.3,7.9,5319.8,6593.2,5262.9,5240.8,4702.4,4473.2,4902.7,5253.4,4349.9,4692.2,5521.5],[32.2,61.3,449.9,6504.6,5310.6,0.0,87.0,1163.8,50.6,93.7,5290.0,931.3,1066.9,8118.5,590.2,3647.3,5995.5,76.5,5797.8,3994.2,4242.3,1095.2,306.6,947.2,460.8,1158.1,66.8,404.1,4457.9,37.9,49.6,1127.5,102.6,4512.9,69.5,31.6,453.7,4470.0,1154.8,38.9,4076.6,1177.3,504.7,3750.5,1200.1,5288.8,34.1,477.5,838.1,4457.1,1095.2,1094.9,898.3,576.4,68.1,25.6,89.0,4477.1,311.8,4498.4,5345.2,4443.8,4463.8,1076.5,1028.5,3503.2,6724.9,86.4,949.3,5838.7,5366.4,74.5,577.6,946.4,408.6,6560.9,5123.4,445.7,1164.2,4444.9,4208.2,62.8,191.7,91.5,34.1,933.0,77.1,499.9,93.5,8385.0,76.7,83.0,393.8,5820.1,97.6,61.4,97.6,492.1,4490.8,1535.0,4232.9,5826.6,925.1,453.7,1127.4,6115.5,319.2,76.7,5340.0,86.1,304.4,1160.2,1138.3,6716.9,6433.1,1092.5,100.5,970.3,4527.8,1787.6,82.0,477.5,5822.3,269.5,5282.3,4497.3,113.1,5283.2,286.9,5993.5,31.1,512.8,924.5,514.4,1499.7,3439.7,933.2,5801.1,47.3,1179.4,4474.9,5349.2,1011.5,90.6,4715.9,551.7,66.1,954.4,1150.6,86.9,1161.1,4484.0,5858.4,489.2,39.2,13.9,767.2,91.7,68.9,4494.7,5305.5,62.6,1306.4,72.5,93.1,871.4,984.9,455.8,63.0,1196.2,851.4,443.7],[118.6,26.9,499.8,6429.7,5241.4,87.0,0.0,1137.9,52.9,180.7,5221.0,915.7,1023.6,8048.9,503.2,3574.7,5925.0,123.4,5727.2,3929.8,4165.5,1071.2,332.0,928.5,509.6,1131.4,26.0,364.1,4387.4,124.9,67.2,1101.1,112.7,4442.1,17.6,118.6,504.4,4399.5,1127.5,125.6,4005.2,1150.4,547.4,3683.3,1279.8,5219.8,53.2,520.8,768.1,4386.7,1104.9,1070.0,884.7,532.5,29.2,111.9,115.4,4406.4,277.9,4427.7,5276.3,4372.9,4393.1,1049.9,1003.9,3431.0,6653.1,173.5,930.5,5767.6,5297.9,160.1,534.1,928.2,397.3,6486.5,5057.4,486.2,1137.3,4374.0,4131.6,124.5,207.8,20.8,120.8,917.0,120.1,528.3,116.4,8318.2,21.4,116.9,354.8,5749.7,184.6,27.1,111.2,540.1,4420.1,1477.7,4156.3,5755.6,910.4,502.1,1109.4,6046.2,345.7,21.4,5270.6,19.8,255.8,1133.5,1112.5,6644.9,6358.8,1068.4,187.5,950.1,4457.5,1729.3,15.7,520.8,5751.4,349.5,5213.4,4426.6,123.6,5214.3,258.3,5923.2,116.3,562.1,909.7,568.0,1466.2,3369.3,917.4,5730.0,131.3,1154.5,4404.5,5280.6,948.4,173.5,4647.6,507.2,20.9,936.5,1121.6,17.1,1135.1,4413.6,5786.7,530.3,52.7,100.9,714.1,18.1,109.3,4424.0,5236.2,138.7,1385.8,21.5,8.7,859.6,952.8,422.7,28.9,1168.7,836.5,523.0],[1167.4,1138.8,939.0,5666.5,4388.1,1163.8,1137.9,0.0,1123.8,1203.8,4365.8,259.7,261.5,7181.3,1110.0,2815.8,5085.1,1096.2,4892.0,3027.1,3480.4,71.8,906.6,230.9,929.9,12.8,1157.4,776.9,3568.7,1175.9,1117.4,37.5,1061.2,3628.6,1142.1,1172.1,943.0,3579.7,21.4,1182.9,3210.7,19.2,877.8,2824.7,2175.1,4363.1,1149.7,890.8,691.4,3567.1,464.8,69.6,297.8,624.1,1162.4,1165.5,1076.6,3591.2,860.0,3610.6,4418.6,3560.5,3577.4,88.3,135.6,2667.3,5829.7,1196.4,228.3,4940.8,4433.3,1171.7,621.5,233.7,758.3,5713.0,4159.3,885.5,13.6,3562.0,3443.2,1226.5,982.5,1117.4,1170.3,256.4,1093.3,797.4,1071.6,7411.2,1124.4,1084.3,785.2,4910.7,1193.9,1137.9,1066.3,916.5,3604.5,2323.5,3466.3,4926.6,270.1,928.6,111.4,5186.9,900.7,1124.4,4420.8,1120.0,888.1,12.2,25.5,5824.2,5584.4,74.2,1199.5,203.8,3634.8,2544.5,1125.7,890.8,4921.0,1160.1,4356.8,3609.4,1051.0,4357.9,880.8,5082.0,1184.8,921.0,269.7,953.1,353.5,2575.1,256.9,4904.1,1197.8,20.5,3583.8,4418.2,560.1,1228.5,3789.6,648.4,1144.1,227.9,45.2,1122.0,2.8,3592.1,4969.4,873.2,1138.4,1167.3,523.8,1119.9,1098.3,3609.0,4383.9,1138.3,2276.6,1156.0,1142.7,330.0,199.2,715.6,1131.9,38.6,332.9,1192.0],[76.3,28.5,450.1,6454.0,5260.0,50.6,52.9,1123.8,0.0,140.0,5239.5,895.3,1021.1,8067.9,548.4,3596.7,5944.9,71.1,5747.2,3944.1,4191.9,1055.9,289.5,909.9,460.2,1117.8,48.1,358.2,4407.3,84.5,14.6,1087.3,70.7,4462.3,38.7,78.0,454.5,4419.4,1114.3,87.6,4025.9,1136.9,499.8,3700.1,1250.1,5238.2,25.9,473.0,787.5,4406.5,1071.2,1055.3,863.1,529.9,52.7,70.0,67.0,4426.5,267.2,4447.8,5294.6,4393.2,4413.2,1036.2,988.9,3452.5,6674.3,131.9,912.0,5788.1,5315.9,114.4,531.2,909.2,373.1,6510.4,5073.1,439.1,1123.8,4394.3,4157.8,108.2,167.4,47.5,79.2,896.8,68.1,485.6,69.3,8334.6,34.1,66.5,348.1,5769.5,141.3,27.8,67.4,491.0,4440.2,1528.0,4182.5,5776.0,889.4,452.8,1090.5,6064.9,302.9,34.1,5289.5,42.5,256.0,1119.9,1098.3,6666.2,6382.5,1053.2,145.1,932.4,4477.2,1779.9,40.8,473.0,5771.7,297.9,5231.8,4446.7,82.3,5232.7,243.8,5942.9,81.4,512.6,888.7,517.6,1457.1,3389.0,897.0,5750.5,97.7,1139.8,4424.3,5298.7,961.4,140.8,4665.4,505.0,37.2,917.4,1109.4,44.4,1121.1,4433.4,5807.8,483.2,14.7,62.1,718.7,48.7,57.2,4444.1,5254.9,88.1,1356.5,51.3,61.3,836.9,942.6,412.2,24.1,1155.6,815.5,471.0],[63.8,155.0,416.4,6588.6,5389.2,93.7,180.7,1203.8,140.0,0.0,5368.6,962.7,1124.2,8197.3,683.8,3729.4,6075.3,116.9,5877.8,4068.5,4328.1,1133.9,312.1,981.5,428.2,1199.0,159.0,466.3,4537.9,56.1,132.9,1168.4,162.3,4593.3,163.1,62.6,419.0,4549.9,1196.2,55.1,4157.5,1218.2,478.8,3827.4,1112.9,5367.2,127.8,451.5,919.9,4537.1,1098.7,1134.4,928.0,638.4,159.3,70.2,142.1,4557.3,372.9,4578.5,5423.6,4524.1,4544.0,1117.7,1068.2,3584.8,6806.0,8.7,983.8,5919.2,5444.3,33.5,639.3,980.2,445.8,6644.5,5199.0,424.7,1205.2,4525.3,4293.9,87.9,221.8,184.6,61.0,964.7,121.4,491.7,147.2,8461.2,169.9,132.6,455.6,5899.9,13.1,155.1,156.8,459.7,4571.0,1595.2,4318.6,5907.0,955.5,422.1,1159.7,6194.2,322.3,169.9,5418.9,179.2,376.5,1201.1,1178.3,6798.1,6516.5,1131.2,10.5,1005.8,4607.7,1848.3,175.5,451.5,5902.6,194.8,5360.7,4577.4,168.6,5361.6,345.3,6073.3,65.1,478.1,955.1,474.0,1545.9,3519.7,964.8,5881.7,52.9,1218.5,4554.8,5427.4,1086.8,33.5,4793.9,614.5,159.7,987.9,1193.7,180.3,1201.2,4563.9,5939.4,465.7,131.6,80.0,835.1,185.0,121.7,4575.0,5384.2,70.3,1219.3,164.8,186.4,899.5,1032.2,510.9,156.3,1237.6,882.7,366.0],[5310.4,5237.7,5256.3,1402.2,24.5,5290.0,5221.0,4365.8,5239.5,5368.6,0.0,4613.0,4310.1,2828.9,4828.8,1673.5,721.0,5252.8,534.3,1346.8,1306.6,4431.1,5153.3,4578.3,5250.0,4362.4,5246.9,4911.7,844.2,5319.6,5241.7,4386.5,5206.5,796.9,5234.6,5313.5,5261.7,831.4,4359.7,5324.4,1233.3,4346.6,5207.3,1546.5,6466.1,9.6,5261.0,5213.3,4452.9,844.0,4780.8,4423.9,4649.3,4747.3,5250.1,5305.4,5227.0,829.2,5002.8,806.6,56.4,864.0,841.4,4423.1,4473.8,1807.2,1469.0,5359.9,4575.6,592.9,94.2,5335.9,4747.3,4582.6,4979.8,1422.7,333.4,5196.9,4356.5,863.4,1321.1,5343.7,5171.0,5206.7,5313.6,4609.0,5248.0,5116.1,5222.0,3108.0,5220.1,5236.6,4922.7,549.0,5364.2,5237.1,5212.0,5244.8,815.6,5372.8,1299.4,575.9,4624.4,5246.5,4465.7,825.8,5153.8,5220.1,62.9,5211.6,4992.3,4360.7,4385.2,1465.3,1300.6,4432.5,5369.5,4551.0,772.9,5408.4,5217.2,5213.3,568.5,5413.5,12.1,807.6,5201.1,10.4,5031.7,717.4,5320.1,5254.9,4623.5,5288.1,4038.0,1854.4,4610.0,559.4,5336.4,4363.1,825.9,72.7,4282.7,5378.5,577.1,4768.6,5237.9,4579.4,4347.7,5212.0,4367.2,816.3,636.9,5197.8,5252.3,5300.3,4544.2,5207.8,5246.9,812.4,24.7,5299.1,6572.1,5242.4,5220.4,4680.3,4451.4,4881.6,5232.9,4327.6,4670.3,5500.1],[931.5,913.2,679.5,5904.0,4635.1,931.3,915.7,259.7,895.3,962.7,4613.0,0.0,354.2,7431.8,977.8,3046.2,5331.4,860.2,5137.5,3277.5,3702.0,188.5,657.8,36.5,670.3,259.4,932.9,568.7,3810.2,939.6,887.3,231.4,829.1,3869.5,917.7,936.3,683.4,3821.3,259.9,946.7,3447.8,277.6,618.1,3069.4,1915.3,4610.5,921.0,631.2,645.0,3808.6,342.4,193.4,38.1,445.5,938.1,930.3,842.6,3832.2,640.9,3851.9,4666.1,3801.0,3818.5,190.2,139.2,2897.7,6074.7,955.7,38.9,5185.4,4681.7,931.6,442.3,31.5,522.7,5951.9,4410.8,626.5,265.7,3802.5,3665.2,993.5,744.0,894.9,934.2,4.2,857.8,538.3,838.0,7665.4,900.2,849.7,575.1,5156.7,952.0,912.2,833.9,656.8,3845.6,2201.4,3688.7,5171.5,11.6,669.1,197.1,5435.4,650.8,900.2,4667.5,896.9,678.1,261.3,236.3,6069.0,5823.3,186.5,957.5,62.3,3876.9,2433.4,902.3,631.2,5166.0,905.6,4604.1,3850.7,818.3,4605.2,657.8,5328.4,949.8,661.5,10.5,693.7,613.1,2809.7,3.1,5148.6,961.7,269.3,3825.5,4666.3,591.5,989.3,4036.3,466.0,919.3,33.6,267.8,899.1,257.6,3834.0,5212.9,613.6,909.6,933.4,430.7,897.6,863.8,3850.0,4630.8,900.0,2016.9,932.2,921.4,70.3,192.5,503.4,906.1,297.8,80.0,932.4],[1077.4,1030.4,946.3,5582.4,4331.7,1066.9,1023.6,261.5,1021.1,1124.2,4310.1,354.2,0.0,7135.2,899.4,2718.7,5025.6,1009.1,4830.3,2985.3,3365.0,257.8,860.0,318.6,939.9,248.7,1046.4,663.0,3496.7,1086.5,1017.8,237.7,967.8,3555.0,1031.4,1081.6,951.6,3508.1,240.1,1092.9,3128.3,256.3,897.8,2763.6,2170.6,4308.0,1046.4,903.2,447.3,3495.4,668.9,247.0,380.8,491.5,1051.0,1074.1,986.0,3518.0,755.2,3538.2,4363.9,3486.2,3504.4,221.5,241.3,2570.5,5765.9,1116.0,316.5,4876.3,4381.4,1090.8,490.0,323.9,690.8,5632.3,4119.8,887.2,249.7,3487.6,3328.5,1128.7,905.7,1004.4,1080.5,350.1,1005.3,806.0,980.8,7380.6,1014.1,994.9,673.1,4850.4,1116.4,1029.5,973.3,935.0,3531.5,2092.8,3352.2,4862.9,365.1,936.5,344.4,5134.7,858.0,1014.1,4363.3,1007.9,767.9,249.5,251.2,5759.4,5503.7,256.4,1122.0,298.6,3564.5,2307.2,1013.9,903.2,4857.7,1123.3,4301.5,3537.1,959.2,4302.6,781.0,5022.9,1092.4,945.7,363.5,979.0,465.2,2488.0,351.5,4839.2,1107.2,280.7,3512.6,4365.4,298.8,1143.6,3733.0,516.6,1034.0,325.6,217.1,1009.4,259.5,3521.2,4901.6,887.9,1035.6,1073.3,327.4,1006.5,1007.9,3535.8,4327.1,1054.7,2275.2,1043.8,1026.7,405.5,162.0,613.4,1023.9,260.6,383.1,1192.5],[8139.0,8065.9,8081.6,1806.4,2808.1,8118.5,8048.9,7181.3,8067.9,8197.3,2828.9,7431.8,7135.2,0.0,7649.5,4485.1,2127.0,8081.6,2325.7,4154.3,3984.2,7247.9,7981.4,7397.6,8075.0,7178.5,8074.8,7740.6,3662.8,8148.2,8070.2,7203.5,8035.3,3609.6,8062.6,8142.1,8086.8,3650.5,7176.2,8153.0,4048.3,7162.2,8031.4,4373.8,9294.7,2830.4,8089.3,8038.0,7281.0,3663.3,7583.8,7241.1,7468.5,7576.0,8078.0,8133.9,8055.8,3644.7,7831.7,3623.0,2774.1,3678.6,3657.8,7241.6,7292.9,4624.6,1432.7,8188.6,7394.9,2290.8,2754.7,8164.7,7576.0,7401.8,7807.9,1722.4,3022.7,8022.4,7172.4,3677.6,4011.2,8171.8,7999.8,8034.8,8142.2,7427.9,8076.8,7940.8,8050.7,494.3,8048.3,8065.4,7751.6,2301.7,8193.0,8065.2,8040.7,8069.1,3630.9,8112.3,3986.3,2301.1,7443.2,8071.6,7278.6,2003.1,7981.7,8048.3,2778.4,8039.7,7821.1,7176.8,7201.5,1446.1,1829.8,7249.4,8198.3,7370.1,3592.4,8119.1,8045.3,8038.0,2304.4,8241.9,2836.9,3624.0,8029.9,2835.9,7860.5,2128.3,8148.6,8078.6,7442.3,8111.8,6846.6,4680.1,7428.8,2328.6,8164.9,7177.6,3645.5,2771.2,7111.5,8207.1,3404.7,7597.3,8066.0,7398.3,7165.2,8040.1,7182.8,3636.2,2280.2,8022.3,8080.6,8128.8,7372.9,8035.9,8075.7,3627.2,2813.1,8127.9,9400.6,8070.3,8048.2,7499.9,7274.1,7710.2,8061.1,7142.8,7491.2,8326.6],[621.5,529.3,902.7,5999.1,4848.3,590.2,503.2,1110.0,548.4,683.8,4828.8,977.8,899.4,7649.5,0.0,3164.7,5522.6,604.5,5324.0,3570.9,3726.6,1062.2,704.6,971.5,908.3,1099.3,525.3,497.2,3988.0,628.1,559.3,1073.8,566.4,4040.3,520.8,621.7,909.0,4000.5,1092.4,628.7,3601.4,1114.9,921.6,3308.6,1756.2,4828.2,556.3,901.3,480.1,3987.7,1275.1,1056.1,962.6,540.3,525.6,614.8,583.2,4005.5,504.9,4027.4,4884.6,3971.5,3992.6,1028.6,1000.5,3025.0,6241.5,676.7,972.2,5361.1,4908.9,662.2,543.7,973.8,629.5,6058.9,4684.7,863.3,1103.5,3972.4,3693.9,616.5,612.1,501.3,623.9,976.9,599.5,858.8,580.5,7935.0,515.6,590.5,499.6,5347.8,687.6,529.2,569.6,932.1,4019.3,1223.8,3718.8,5350.0,978.5,900.3,1131.4,5650.7,716.8,515.6,4875.9,506.5,449.1,1101.0,1088.3,6232.3,5931.9,1059.5,690.7,981.2,4058.9,1456.3,509.5,901.3,5346.3,838.6,4821.7,4026.4,570.2,4822.5,519.5,5521.3,619.1,955.3,977.0,974.0,1361.7,2974.9,977.9,5323.3,633.4,1130.1,4005.7,4890.9,687.8,673.9,4260.9,525.0,524.1,982.4,1076.8,505.1,1107.2,4015.1,5376.7,902.3,553.8,604.1,586.5,500.4,591.3,4022.9,4842.7,635.7,1860.5,519.6,497.5,951.8,912.1,549.3,528.7,1127.8,916.5,1005.4],[3669.5,3592.8,3654.9,2866.3,1691.7,3647.3,3574.7,2815.8,3596.7,3729.4,1673.5,3046.2,2718.7,4485.1,3164.7,0.0,2358.1,3615.3,2159.4,677.6,696.8,2874.9,3534.7,3010.2,3649.8,2810.3,3600.7,3282.1,829.3,3678.6,3600.0,2830.7,3568.5,878.3,3589.0,3672.3,3660.7,842.2,2806.2,3682.9,440.2,2796.7,3612.1,403.9,4837.4,1673.8,3617.1,3614.9,2809.6,829.6,3261.6,2866.4,3080.3,3123.8,3603.6,3664.1,3589.3,844.8,3370.9,867.1,1729.9,810.2,832.3,2860.6,2908.3,148.5,3079.2,3720.7,3007.6,2196.5,1757.9,3697.5,3124.2,3014.9,3361.7,2918.9,1576.6,3594.8,2804.9,810.9,658.5,3698.5,3540.7,3561.5,3672.7,3042.1,3610.3,3518.6,3584.3,4780.4,3575.3,3598.9,3293.1,2183.5,3726.0,3592.3,3573.9,3648.2,858.5,3719.5,678.2,2185.3,3057.8,3645.5,2923.0,2489.3,3536.6,3575.3,1717.3,3566.6,3355.5,2808.9,2832.0,3070.7,2790.5,2875.8,3731.1,2984.0,900.7,3772.1,3572.0,3614.9,2181.5,3789.8,1667.4,866.1,3564.0,1668.0,3399.9,2356.8,3677.9,3660.6,3056.6,3693.8,2521.0,260.0,3043.2,2158.7,3694.3,2816.9,847.8,1738.8,2652.3,3737.0,1124.5,3143.6,3592.4,3013.1,2790.7,3566.8,2816.8,857.3,2213.2,3600.7,3608.9,3658.3,2920.8,3562.4,3608.4,861.8,1685.8,3661.0,4943.9,3596.0,3573.5,3109.7,2870.3,3257.9,3588.4,2779.3,3094.3,3890.2],[6016.5,5942.3,5971.4,772.4,698.1,5995.5,5925.0,5085.1,5944.9,6075.3,721.0,5331.4,5025.6,2127.0,5522.6,2358.1,0.0,5960.0,198.8,2067.7,1887.0,5150.0,5865.3,5296.5,5965.2,5081.5,5950.9,5620.9,1537.6,6025.7,5947.5,5105.5,5913.5,1483.4,5938.9,6019.5,5976.8,1525.5,5078.8,6030.3,1921.7,5065.9,5923.2,2262.6,7176.5,724.4,5965.9,5928.7,5157.5,1538.3,5501.6,5142.8,5367.5,5457.8,5954.1,6011.3,5934.1,1518.8,5711.5,1497.3,670.3,1552.4,1532.0,5141.6,5192.1,2497.8,748.4,6066.6,5293.8,177.1,662.9,6042.8,5457.9,5300.8,5691.7,764.8,983.2,5911.8,5075.6,1551.4,1910.4,6048.2,5880.2,5911.1,6019.7,5327.4,5955.1,5831.6,5929.1,2439.3,5924.7,5943.7,5631.9,175.4,6071.3,5941.7,5918.9,5960.5,1505.1,6012.2,1886.1,181.4,5342.8,5961.6,5185.5,180.6,5866.0,5924.7,664.5,5916.1,5699.5,5079.9,5104.3,745.3,661.8,5151.4,6076.5,5269.3,1467.7,6032.5,5921.6,5928.7,182.1,6124.5,730.7,1498.4,5908.4,729.4,5740.4,9.2,6025.7,5970.9,5341.8,6004.2,4758.5,2555.8,5328.3,212.6,6042.1,5082.6,1520.6,675.0,4991.0,6084.4,1295.5,5478.8,5942.2,5297.8,5066.5,5916.4,5086.4,1511.4,202.6,5913.5,5957.4,6006.0,5254.5,5912.2,5953.8,1501.2,701.9,6006.1,7282.7,5946.4,5924.2,5398.4,5168.2,5592.2,5937.7,5046.9,5387.8,6213.9],[71.4,99.4,380.5,6475.6,5273.5,76.5,123.4,1096.2,71.1,116.9,5252.8,860.2,1009.1,8081.6,604.5,3615.3,5960.0,0.0,5762.5,3951.9,4216.7,1027.0,230.1,877.1,390.9,1091.0,117.6,349.7,4422.7,79.7,56.5,1060.3,46.9,4478.2,109.7,76.1,384.7,4434.7,1087.9,86.7,4042.7,1110.2,432.3,3711.2,1224.4,5251.4,84.9,405.2,806.4,4421.9,1018.8,1027.1,826.6,522.0,121.6,70.2,26.1,4442.2,256.2,4463.4,5307.8,4409.1,4428.8,1009.4,960.7,3470.5,6691.2,108.3,879.3,5804.2,5328.4,83.6,522.9,876.1,338.5,6531.1,5082.5,372.4,1097.1,4410.2,4182.3,134.9,117.0,113.7,74.2,862.0,5.3,424.0,31.0,8344.8,103.1,16.5,338.9,5784.5,111.5,98.8,41.6,421.9,4455.9,1598.5,4206.9,5791.9,853.6,383.6,1056.7,6078.5,242.8,103.1,5303.3,109.7,260.5,1093.0,1070.7,6683.4,6403.1,1024.4,116.8,900.7,4492.4,1850.6,109.9,405.2,5787.5,234.7,5244.9,4462.3,51.8,5245.9,228.9,5958.0,89.7,443.2,853.1,447.3,1435.3,3404.6,862.1,5766.7,101.7,1111.4,4439.6,5311.5,970.6,134.6,4678.0,497.9,108.1,884.1,1084.4,112.2,1093.5,4448.7,5824.6,416.2,77.1,74.7,718.2,115.8,14.3,4459.9,5268.5,46.6,1330.9,121.5,132.0,799.2,920.8,395.8,95.1,1129.3,780.2,405.5],[5818.9,5744.5,5775.9,895.2,510.6,5797.8,5727.2,4892.0,5747.2,5877.8,534.3,5137.5,4830.3,2325.7,5324.0,2159.4,198.8,5762.5,0.0,1879.4,1693.2,4956.6,5668.8,5102.6,5769.8,4888.3,5753.1,5423.8,1339.9,5828.0,5749.8,4912.1,5716.0,1285.2,5741.1,5821.9,5781.3,1327.8,4885.5,5832.7,1723.3,4872.8,5728.0,2068.2,6979.6,538.7,5768.2,5733.4,4959.8,1340.7,5310.5,4949.3,5173.5,5261.1,5756.2,5813.7,5736.6,1320.8,5514.3,1299.4,487.0,1354.3,1334.1,4947.9,4998.3,2299.3,938.0,5869.1,5099.9,73.0,486.7,5845.4,5261.2,5106.9,5495.3,903.9,819.7,5716.3,4882.4,1353.3,1715.8,5850.4,5683.1,5713.3,5822.1,5133.5,5757.7,5636.3,5731.6,2636.4,5726.9,5746.3,5434.8,33.3,5873.8,5743.9,5721.5,5765.3,1307.1,5815.8,1691.7,53.0,5149.0,5766.1,4992.8,353.1,5669.7,5726.9,475.1,5718.3,5502.1,4886.7,4911.1,933.3,788.2,4958.0,5879.0,5075.4,1270.1,5837.6,5723.8,5733.4,42.4,5927.8,544.7,1300.5,5711.0,543.3,5543.2,198.0,5828.1,5775.8,5148.0,5809.1,4566.8,2358.1,5134.5,64.1,5844.4,4889.7,1322.9,495.9,4793.8,5886.8,1103.6,5281.9,5744.4,5103.9,4873.1,5718.6,4893.3,1313.9,139.8,5718.2,5759.7,5808.3,5057.7,5714.3,5756.3,1303.2,513.6,5808.7,7085.8,5748.5,5726.3,5204.4,4973.5,5395.4,5739.9,4853.9,5193.5,6018.0],[4012.6,3944.7,3930.8,2707.7,1369.9,3994.2,3929.8,3027.1,3944.1,4068.5,1346.8,3277.5,2985.3,4154.3,3570.9,677.6,2067.7,3951.9,1879.4,0.0,1035.6,3093.6,3838.0,3243.4,3923.9,3024.2,3955.4,3605.9,653.3,4021.8,3945.2,3049.2,3906.2,715.2,3942.4,4016.0,3936.0,659.1,3021.9,4027.1,519.8,3008.0,3879.3,304.1,5152.5,1343.3,3966.7,3886.6,3164.3,649.3,3436.0,3086.8,3314.3,3437.8,3959.0,4007.9,3926.5,680.3,3698.3,691.1,1397.7,663.1,668.1,3087.3,3138.7,724.8,2815.8,4059.9,3240.7,1933.7,1409.4,4035.4,3437.6,3247.5,3665.1,2741.5,1134.5,3872.1,3018.2,665.5,1007.6,4050.3,3864.0,3914.3,4015.8,3273.7,3947.2,3789.4,3921.3,4396.0,3927.1,3936.0,3616.8,1895.5,4063.3,3944.0,3911.8,3917.2,690.0,4263.2,1011.9,1918.1,3288.9,3920.8,3125.2,2161.5,3837.5,3927.1,1404.5,3919.0,3692.3,3022.5,3047.2,2812.0,2614.8,3095.2,4068.7,3215.9,698.3,4339.5,3924.7,3886.6,1911.5,4100.2,1337.1,690.0,3900.1,1338.3,3726.9,2064.0,4023.6,3926.2,3288.0,3959.4,2694.9,684.8,3274.5,1898.3,4039.7,3023.7,660.3,1395.2,2982.8,4080.9,780.1,3460.1,3945.6,3244.0,3010.9,3919.6,3028.6,665.1,1969.6,3870.7,3957.4,4003.8,3236.2,3915.6,3947.0,695.1,1366.4,3998.5,5257.8,3951.3,3929.9,3345.7,3121.4,3571.4,3939.5,2988.7,3337.3,4177.8],[4266.5,4185.4,4287.2,2274.9,1317.1,4242.3,4165.5,3480.4,4191.9,4328.1,1306.6,3702.0,3365.0,3984.2,3726.6,696.8,1887.0,4216.7,1693.2,1035.6,0.0,3536.5,4155.1,3665.7,4283.0,3474.0,4191.3,3894.7,628.0,4275.3,4196.5,3492.9,4169.8,625.0,4180.7,4268.9,4293.2,637.5,3469.5,4279.2,516.0,3461.5,4248.6,928.8,5440.9,1310.7,4210.7,4249.5,3411.7,632.5,3933.1,3527.5,3734.8,3743.4,4193.9,4260.7,4190.6,618.8,3980.3,635.7,1359.9,595.3,616.3,3519.8,3565.7,837.5,2553.9,4319.5,3663.1,1712.5,1400.6,4297.2,3744.1,3670.5,3983.9,2337.7,1352.2,4227.0,3468.9,593.6,38.2,4289.9,4150.4,4153.9,4269.6,3697.8,4211.6,4154.4,4185.9,4323.3,4168.1,4200.2,3905.4,1722.5,4325.9,4184.9,4175.1,4283.6,625.8,4130.0,23.7,1705.9,3713.6,4278.2,3589.3,2044.1,4158.1,4168.1,1329.7,4159.1,3959.8,3472.8,3495.2,2542.0,2212.1,3537.3,4330.8,3640.2,672.0,4145.9,4164.2,4249.5,1704.9,4404.0,1305.1,635.5,4166.3,1305.1,4009.3,1888.0,4273.2,4297.4,3712.3,4330.4,3198.3,956.7,3699.0,1675.6,4289.6,3482.8,643.2,1379.3,3270.5,4332.7,920.3,3761.6,4184.2,3669.3,3452.7,4159.0,3481.1,650.1,1712.0,4236.1,4203.3,4254.0,3542.6,4154.5,4208.7,624.7,1309.6,4261.5,5547.4,4186.4,4163.5,3763.2,3520.8,3876.2,4181.6,3444.8,3745.4,4515.0],[1098.4,1071.5,867.4,5728.3,4453.3,1095.2,1071.2,71.8,1055.9,1133.9,4431.1,188.5,257.8,7247.9,1062.2,2874.9,5150.0,1027.0,4956.6,3093.6,3536.5,0.0,835.4,159.1,858.3,70.9,1090.3,711.9,3631.8,1106.7,1049.3,44.6,992.7,3691.5,1075.0,1103.0,871.4,3642.8,72.0,1113.7,3272.2,89.2,806.5,2888.9,2103.7,4428.5,1081.8,819.3,661.1,3630.2,425.4,11.0,226.6,563.4,1095.4,1096.5,1007.7,3654.1,793.3,3673.6,4484.0,3623.2,3640.4,38.3,67.5,2726.3,5894.2,1126.5,156.5,5005.2,4499.1,1102.0,560.7,162.0,688.8,5775.3,4226.3,813.7,77.2,3624.8,3499.5,1158.0,912.8,1050.6,1101.2,185.1,1024.2,725.7,1002.8,7479.4,1057.3,1015.4,719.9,4975.5,1123.9,1070.5,997.7,845.2,3667.5,2280.6,3522.7,4991.1,199.1,857.0,87.0,5252.7,829.4,1057.3,4485.9,1053.1,823.1,72.8,47.8,5888.6,5646.7,2.8,1129.4,132.0,3698.1,2504.5,1058.8,819.3,4985.5,1088.4,4422.1,3672.5,982.4,4423.2,813.5,5147.0,1115.9,850.0,198.6,882.2,425.2,2635.5,185.6,4968.4,1128.7,84.6,3647.0,4483.9,548.8,1158.9,3854.7,587.3,1076.9,156.3,84.2,1055.1,69.5,3655.4,5033.3,801.8,1070.5,1098.5,479.2,1053.1,1029.4,3671.9,4449.0,1068.8,2205.3,1089.0,1076.1,258.8,152.3,649.6,1064.5,109.4,261.0,1120.4],[295.6,316.0,198.2,6400.5,5174.5,306.6,332.0,906.6,289.5,312.1,5153.3,657.8,860.0,7981.4,704.6,3534.7,5865.3,230.1,5668.8,3838.0,4155.1,835.4,0.0,679.4,204.1,902.9,337.0,271.8,4330.8,301.8,276.6,872.5,220.1,4387.7,324.6,300.4,204.4,4342.5,900.9,309.1,3955.5,922.1,225.8,3607.6,1314.5,5151.6,310.6,201.9,758.9,4329.7,790.3,837.0,622.0,411.7,341.8,296.5,223.3,4351.1,210.5,4371.9,5207.8,4318.6,4337.6,822.8,771.6,3388.1,6601.5,306.2,681.8,5712.7,5226.7,284.2,411.1,677.6,173.5,6453.6,4971.7,164.2,909.2,4319.9,4119.8,362.1,124.4,314.1,297.6,660.1,230.0,196.4,220.4,8234.0,311.0,226.3,262.2,5689.9,300.3,315.1,222.5,229.5,4364.8,1799.5,4144.2,5699.8,650.0,196.0,854.6,5979.0,14.0,311.0,5205.3,312.9,259.9,905.0,881.4,6594.3,6325.3,832.9,305.4,704.9,4399.7,2049.5,316.2,201.9,5695.0,263.4,5145.1,4370.8,208.7,5146.1,188.9,5862.9,315.3,252.8,649.7,269.6,1255.1,3315.0,660.1,5675.3,323.3,919.9,4347.2,5210.2,884.7,342.1,4576.9,393.6,324.4,684.9,900.8,315.7,904.1,4356.1,5735.5,207.1,300.6,303.5,614.0,317.0,239.4,4368.9,5169.7,258.6,1420.0,339.1,340.3,592.4,747.9,279.2,309.6,942.0,578.6,362.6],[948.6,927.0,708.6,5868.3,4600.4,947.2,928.5,230.9,909.9,981.5,4578.3,36.5,318.6,7397.6,971.5,3010.2,5296.5,877.1,5102.6,3243.4,3665.7,159.1,679.4,0.0,699.6,229.5,946.4,576.6,3774.8,956.7,902.4,200.5,844.8,3834.1,931.2,953.3,712.7,3786.0,229.3,963.8,3412.2,248.1,648.3,3034.4,1945.2,4575.9,935.7,660.6,624.1,3773.3,369.3,162.8,71.0,445.1,951.5,947.0,858.9,3796.8,652.2,3816.6,4631.5,3765.6,3783.1,156.8,104.7,2861.7,6039.8,974.4,2.7,5150.4,4647.1,950.1,441.9,5.2,538.8,5916.3,4376.9,654.7,235.8,3767.1,3628.9,1009.7,761.6,907.8,951.3,32.3,874.6,566.7,854.1,7632.0,913.6,866.2,583.6,5121.8,971.1,926.0,849.6,687.0,3810.2,2195.2,3652.3,5136.5,48.0,698.2,180.9,5400.9,672.9,913.6,4632.7,909.9,687.0,231.4,206.6,6033.9,5787.7,156.8,976.6,27.8,3841.6,2425.6,915.5,660.6,5131.0,930.3,4569.5,3815.4,834.1,4570.5,670.2,5293.6,966.5,692.4,46.7,724.8,584.3,2773.9,33.5,5113.5,978.8,242.2,3790.2,4631.8,562.0,1007.5,4001.6,466.7,932.9,11.3,235.5,912.1,228.6,3798.7,5177.7,643.2,924.3,949.7,413.8,910.4,880.3,3814.6,4596.1,917.8,2047.1,945.5,934.0,102.4,157.4,512.0,919.9,268.4,102.1,961.6],[439.3,488.6,12.4,6515.8,5271.6,460.8,509.6,929.9,460.2,428.2,5250.0,670.3,939.9,8075.0,908.3,3649.8,5965.2,390.9,5769.8,3923.9,4283.0,858.3,204.1,699.6,0.0,929.0,508.0,452.8,4435.0,442.3,445.8,900.1,398.5,4493.0,498.5,443.5,13.5,4446.5,928.9,448.6,4064.3,947.5,58.9,3703.5,1245.7,5247.9,475.7,39.2,921.2,4433.8,708.3,862.4,632.2,557.6,512.2,442.7,394.4,4456.1,408.7,4476.4,5303.8,4424.1,4442.5,854.7,801.9,3502.2,6704.9,425.8,702.3,5815.4,5321.2,411.7,556.1,696.5,324.9,6567.0,5058.4,56.9,935.4,4425.4,4247.2,502.7,314.4,494.9,440.2,673.5,392.9,134.8,393.2,8317.9,488.3,393.7,445.0,5790.0,415.1,487.9,399.1,31.6,4469.7,1987.1,4271.3,5802.0,660.2,8.0,856.8,6074.6,191.5,488.3,5303.1,492.4,461.4,931.0,906.1,6698.3,6438.5,856.2,418.6,727.2,4503.1,2238.5,494.4,39.2,5796.9,278.8,5241.4,4475.3,388.6,5242.5,390.2,5962.6,458.0,52.4,660.5,65.8,1283.3,3423.6,673.1,5778.2,459.9,939.5,4451.0,5305.3,1019.6,461.8,4672.9,545.4,497.4,702.0,934.1,495.2,927.7,4459.8,5840.1,57.2,467.9,453.0,747.6,497.5,403.7,4473.9,5267.0,400.8,1347.9,511.5,518.3,600.1,804.1,439.4,483.3,967.7,598.9,262.2],[1162.1,1132.6,938.0,5661.8,4384.6,1158.1,1131.4,12.8,1117.8,1199.0,4362.4,259.4,248.7,7178.5,1099.3,2810.3,5081.5,1091.0,4888.3,3024.2,3474.0,70.9,902.9,229.5,929.0,0.0,1151.1,770.0,3564.5,1170.6,1111.6,30.6,1055.7,3624.3,1135.8,1166.7,942.1,3575.5,8.6,1177.6,3205.8,19.2,877.3,2820.8,2174.4,4359.7,1143.8,889.9,679.2,3562.8,473.8,66.7,297.4,615.9,1156.2,1160.1,1071.1,3586.9,853.6,3606.3,4415.2,3556.1,3573.1,81.7,131.3,2661.7,5826.0,1191.5,226.8,4937.0,4430.1,1166.8,613.4,232.5,753.3,5708.5,4156.6,884.1,6.4,3557.6,3436.9,1220.9,977.5,1111.0,1165.0,255.9,1088.0,796.2,1066.2,7409.2,1118.1,1079.0,778.4,4907.1,1189.2,1131.7,1060.7,916.0,3600.2,2312.2,3460.0,4922.9,270.0,927.6,120.3,5183.7,897.2,1118.1,4417.3,1113.6,881.1,2.1,23.2,5820.5,5579.9,72.9,1194.8,202.0,3630.6,2532.9,1119.3,889.9,4917.2,1157.3,4353.4,3605.1,1045.5,4354.5,874.7,5078.5,1179.4,920.9,269.5,953.1,355.0,2569.9,256.5,4900.3,1192.5,32.7,3579.6,4415.0,547.3,1223.5,3786.1,640.4,1137.8,227.1,32.6,1115.6,11.0,3587.9,4965.4,872.5,1132.5,1161.8,513.0,1113.4,1092.9,3604.6,4380.4,1133.3,2276.1,1149.7,1136.2,329.7,189.5,708.9,1125.7,39.1,331.0,1191.0],[99.0,21.1,497.7,6455.6,5267.3,66.8,26.0,1157.4,48.1,159.0,5246.9,932.9,1046.4,8074.8,525.3,3600.7,5950.9,117.6,5753.1,3955.4,4191.3,1090.3,337.0,946.4,508.0,1151.1,0.0,385.5,4413.3,104.3,62.2,1120.7,117.1,4468.0,15.3,98.3,502.1,4425.5,1147.3,104.0,4031.1,1170.1,547.9,3709.1,1254.3,5245.7,36.0,521.0,794.0,4412.6,1115.9,1089.3,901.4,555.0,5.2,92.4,115.1,4432.3,297.7,4453.7,5302.1,4398.9,4419.0,1069.5,1023.1,3457.0,6679.1,152.3,948.4,5793.5,5323.7,141.3,556.5,945.9,412.5,6512.5,5083.1,487.2,1157.1,4400.0,4157.4,98.6,214.0,42.2,100.9,934.3,115.2,533.2,117.3,8344.0,33.0,114.5,376.0,5775.6,164.0,22.1,114.5,538.8,4446.0,1481.0,4182.2,5781.5,927.4,500.6,1127.2,6072.1,350.4,33.0,5296.5,38.4,278.5,1153.2,1132.0,6670.9,6384.7,1087.6,166.5,968.3,4483.4,1733.1,32.5,521.0,5777.3,334.7,5239.2,4452.6,128.7,5240.1,276.8,5949.1,94.0,560.4,926.6,564.8,1487.4,3395.2,934.6,5755.9,108.1,1173.8,4430.4,5306.5,973.8,149.5,4673.4,529.8,13.7,954.2,1141.8,37.0,1154.7,4439.6,5812.6,531.3,40.7,80.6,738.2,40.4,104.3,4449.9,5262.1,124.3,1360.2,5.8,28.6,875.9,973.5,442.9,28.0,1188.6,853.4,508.7],[415.9,368.6,451.0,6146.1,4932.6,404.1,364.1,776.9,358.2,466.3,4911.7,568.7,663.0,7740.6,497.2,3282.1,5620.9,349.7,5423.8,3605.9,3894.7,711.9,271.8,576.6,452.8,770.0,385.5,0.0,4084.5,425.0,354.9,739.8,306.4,4140.6,370.4,419.9,457.6,4096.4,765.7,431.2,3706.5,788.7,449.9,3368.2,1556.1,4910.2,383.7,434.9,489.1,4083.6,810.6,710.0,541.7,172.6,390.3,412.2,325.4,4104.4,93.5,4125.3,4966.5,4071.5,4090.9,688.7,644.4,3136.4,6354.4,457.9,578.4,5466.5,4986.5,432.8,173.7,576.9,136.8,6200.3,4737.6,399.3,775.7,4072.7,3859.7,465.7,259.3,344.1,419.0,569.4,345.4,373.1,320.2,8000.2,352.8,334.6,11.0,5445.5,459.8,367.7,311.9,469.6,4118.1,1682.7,3884.2,5453.9,565.1,445.5,756.5,5737.5,278.7,352.8,4962.8,347.3,111.2,772.0,751.7,6346.9,6072.1,709.1,465.4,595.9,4153.9,1925.2,353.1,434.9,5449.3,509.3,4903.7,4124.2,298.6,4904.7,121.3,5618.7,430.1,491.3,564.0,516.7,1102.2,3067.0,569.9,5429.0,445.2,794.1,4101.2,4969.7,630.3,483.1,4336.1,148.3,372.7,585.5,758.9,349.0,774.1,4110.2,5488.0,431.0,372.7,410.8,369.9,346.4,347.0,4122.1,4927.7,396.1,1662.5,383.4,368.1,520.9,589.1,65.9,361.9,806.7,492.5,632.4],[4479.0,4404.7,4440.9,2103.6,862.6,4457.9,4387.4,3568.7,4407.3,4537.9,844.2,3810.2,3496.7,3662.8,3988.0,829.3,1537.6,4422.7,1339.9,653.3,628.0,3631.8,4330.8,3774.8,4435.0,3564.5,4413.3,4084.5,0.0,4488.2,4409.9,3587.3,4376.2,63.2,4401.3,4482.0,4446.4,13.1,3561.2,4492.8,389.1,3549.5,4394.3,751.6,5640.5,844.4,4428.3,4399.0,3619.9,5.2,3997.7,3624.1,3845.7,3922.3,4416.4,4473.8,4396.8,27.1,4174.8,42.0,900.5,32.7,16.6,3621.3,3671.0,963.9,2270.7,4529.2,3772.2,1382.0,928.9,4505.5,3922.5,3779.3,4157.3,2146.4,778.9,4381.1,3558.7,34.4,622.1,4510.6,4343.7,4373.5,4482.2,3806.1,4417.8,4302.0,4391.8,3951.6,4387.1,4406.4,4095.5,1362.3,4534.0,4404.1,4381.6,4431.3,37.6,4537.5,609.9,1369.4,3821.7,4431.2,3671.9,1662.8,4331.8,4387.1,888.7,4378.5,4162.3,3562.9,3587.0,2263.7,2018.0,3633.1,4539.2,3747.9,71.3,4580.4,4384.0,4399.0,1364.8,4589.2,838.0,40.8,4371.2,838.7,4203.7,1535.8,4488.2,4442.3,3820.6,4475.7,3252.3,1018.2,3807.1,1344.6,4504.5,3567.5,19.2,909.7,3454.4,4546.9,319.0,3943.0,4404.6,3776.6,3547.9,4378.8,3570.0,28.9,1405.2,4384.1,4419.8,4468.5,3718.9,4374.5,4416.4,42.6,856.7,4468.9,5746.8,4408.8,4386.6,3876.1,3642.4,4056.7,4400.0,3531.1,3863.9,4681.5],[9.3,99.0,431.0,6536.8,5340.2,37.9,124.9,1175.9,84.5,56.1,5319.6,939.6,1086.5,8148.2,628.1,3678.6,6025.7,79.7,5828.0,4021.8,4275.3,1106.7,301.8,956.7,442.3,1170.6,104.3,425.0,4488.2,0.0,78.9,1140.0,118.8,4543.4,107.3,6.6,434.4,4500.2,1167.5,7.3,4107.3,1189.8,488.9,3779.3,1166.2,5318.3,71.9,461.5,869.0,4487.4,1092.1,1106.8,905.8,597.7,105.1,14.6,100.7,4507.5,331.8,4528.7,5374.7,4474.2,4494.1,1089.1,1040.4,3534.2,6755.7,48.6,958.9,5869.2,5395.7,38.6,598.7,955.7,418.2,6592.9,5151.6,431.5,1176.7,4475.3,4241.2,61.5,195.7,128.5,6.1,941.4,82.7,490.9,105.8,8413.5,113.8,92.2,414.5,5850.2,59.8,99.1,113.3,473.8,4521.2,1561.6,4265.9,5857.1,932.9,435.5,1136.2,6145.2,313.5,113.8,5369.8,123.1,329.9,1172.7,1150.4,6747.7,6465.0,1104.1,62.6,980.3,4558.0,1814.5,119.4,461.5,5852.7,235.8,5311.8,4527.6,127.3,5312.7,305.5,6023.7,16.0,493.7,932.4,493.2,1514.6,3469.9,941.5,5831.7,22.1,1191.1,4505.1,5378.6,1039.3,59.0,4745.2,573.3,104.0,963.6,1164.0,124.1,1173.2,4514.2,5889.2,474.2,75.5,24.0,791.4,128.9,78.8,4525.1,5335.1,43.5,1272.6,110.0,130.9,878.2,1000.1,473.6,100.2,1208.9,859.5,409.7],[70.0,43.1,435.7,6458.0,5262.3,49.6,67.2,1117.4,14.6,132.9,5241.7,887.3,1017.8,8070.2,559.3,3600.0,5947.5,56.5,5749.8,3945.2,4196.5,1049.3,276.6,902.4,445.8,1111.6,62.2,354.9,4409.9,78.9,0.0,1081.0,59.6,4465.1,53.3,72.5,440.0,4422.0,1108.1,83.0,4028.9,1130.7,485.7,3701.8,1245.0,5240.4,34.8,458.9,790.5,4409.2,1060.0,1048.7,854.8,527.1,66.6,64.3,53.5,4429.2,263.0,4450.4,5296.8,4395.9,4415.9,1029.9,982.4,3455.7,6677.3,124.6,904.5,5790.9,5317.9,105.3,528.3,901.7,364.8,6514.1,5074.5,425.2,1117.6,4397.0,4162.3,111.0,155.5,60.0,73.1,888.9,53.5,472.6,56.3,8336.2,47.7,52.3,344.7,5772.1,133.0,42.4,55.8,476.6,4442.9,1542.5,4187.0,5778.8,881.3,438.4,1082.9,6067.2,289.9,47.7,5291.8,55.3,254.9,1113.7,1091.9,6669.3,6386.2,1046.5,137.2,925.1,4479.8,1794.5,54.5,458.9,5774.4,284.8,5234.0,4449.3,71.2,5234.9,238.7,5945.5,78.5,498.3,880.7,503.0,1452.0,3391.7,889.1,5753.3,94.7,1133.3,4426.9,5300.8,962.4,137.0,4667.5,502.3,51.8,909.8,1103.6,57.5,1114.7,4436.0,5810.7,469.2,24.1,58.6,717.6,61.6,42.6,4446.8,5257.2,76.4,1351.3,65.6,75.7,828.4,937.3,407.4,38.7,1149.5,807.5,457.6],[1131.5,1102.2,909.0,5683.9,4408.7,1127.5,1101.1,37.5,1087.3,1168.4,4386.5,231.4,237.7,7203.5,1073.8,2830.7,5105.5,1060.3,4912.1,3049.2,3492.9,44.6,872.5,200.5,900.1,30.6,1120.7,739.8,3587.3,1140.0,1081.0,0.0,1025.1,3647.0,1105.4,1136.1,913.1,3598.3,28.8,1146.9,3227.7,49.9,848.8,2844.4,2145.7,4384.0,1113.2,861.1,659.4,3585.6,462.9,38.0,269.3,586.6,1125.7,1129.5,1040.5,3609.6,823.2,3629.1,4439.5,3578.7,3595.9,51.2,100.9,2682.2,5849.6,1160.9,197.8,4960.6,4454.5,1136.2,584.0,203.8,722.7,5730.8,4181.9,854.8,36.8,3580.2,3455.9,1190.3,946.9,1080.6,1134.4,227.8,1057.4,767.1,1035.6,7435.2,1087.7,1048.3,748.1,4931.0,1158.6,1101.2,1030.1,887.4,3622.9,2288.5,3479.0,4946.5,242.3,898.6,113.1,5208.2,866.8,1087.7,4441.4,1083.2,850.9,32.7,14.8,5844.1,5602.2,46.0,1164.1,172.9,3653.6,2510.2,1088.9,861.1,4940.9,1127.2,4377.6,3627.9,1014.9,4378.7,844.2,5102.4,1148.8,892.6,241.7,924.9,384.7,2591.2,228.5,4923.8,1161.8,56.7,3602.4,4439.3,534.5,1192.9,3810.2,610.9,1107.4,198.7,40.2,1085.2,34.7,3610.8,4988.7,843.7,1101.9,1131.2,488.0,1083.1,1062.3,3627.4,4404.5,1102.7,2247.6,1119.3,1105.8,301.5,162.3,678.6,1095.2,69.5,301.7,1162.0],[109.6,96.1,389.0,6428.7,5227.2,102.6,112.7,1061.2,70.7,162.3,5206.5,829.1,967.8,8035.3,566.4,3568.5,5913.5,46.9,5716.0,3906.2,4169.8,992.7,220.1,844.8,398.5,1055.7,117.1,306.4,4376.2,118.8,59.6,1025.1,0.0,4431.7,104.5,113.8,393.8,4388.2,1052.3,125.1,3996.1,1074.8,435.0,3665.1,1271.2,5205.1,94.4,408.6,759.6,4375.4,1000.7,992.4,796.4,479.0,122.1,106.4,20.8,4395.7,213.1,4416.8,5261.5,4362.5,4382.3,974.0,926.0,3423.7,6644.6,153.7,846.9,5757.6,5282.2,129.4,480.0,844.0,306.4,6484.3,5036.6,373.7,1061.7,4363.7,4135.5,165.3,97.0,96.5,112.8,830.8,41.8,416.5,16.1,8298.8,91.4,30.4,295.8,5738.1,157.8,95.1,5.6,428.7,4409.4,1588.7,4160.1,5745.3,823.0,390.9,1025.0,6032.1,233.7,91.4,5256.9,94.4,214.3,1057.7,1035.8,6636.7,6356.3,990.0,163.0,867.7,4445.9,1840.0,97.0,408.6,5740.9,272.7,5198.6,4415.7,11.7,5199.6,186.8,5911.5,125.0,450.9,822.4,458.3,1397.8,3358.1,831.0,5720.1,139.4,1076.9,4393.1,5265.2,924.5,176.8,4631.7,454.6,104.4,852.0,1048.2,97.2,1058.6,4402.1,5778.0,417.8,83.4,106.5,673.6,99.2,40.9,4413.3,5222.1,92.7,1377.8,119.1,121.2,769.7,883.1,355.2,89.6,1093.7,749.2,439.6],[4534.2,4459.5,4498.8,2042.2,814.5,4512.9,4442.1,3628.6,4462.3,4593.3,796.9,3869.5,3555.0,3609.6,4040.3,878.3,1483.4,4478.2,1285.2,715.2,625.0,3691.5,4387.7,3834.1,4493.0,3624.3,4468.0,4140.6,63.2,4543.4,4465.1,3647.0,4431.7,0.0,4456.0,4537.2,4504.3,56.1,3621.0,4547.9,439.0,3609.4,4452.5,813.6,5696.7,797.7,4483.3,4457.0,3674.9,66.5,4058.4,3683.7,3904.9,3978.9,4471.1,4529.0,4452.3,37.8,4230.7,24.8,853.4,69.2,51.5,3680.8,3730.4,1015.3,2213.9,4584.6,3831.5,1326.0,883.6,4561.0,3979.1,3838.6,4214.2,2085.6,752.7,4438.9,3618.6,68.0,622.8,4565.4,4399.8,4428.3,4537.4,3865.4,4473.3,4360.1,4447.3,3902.3,4441.9,4461.9,4151.6,1308.2,4589.4,4458.9,4437.1,4489.